"Z_Raven_self"	"Z_Raven_obj"	"Z_MWTB_self"	"Z_MWTB_obj"	"Z_global_selfeval"	"Z_well_being"	"Z_agency_self"	"Z_comm_self"	"Z_agency_peer"	"Z_comm_peer"
"1"	0.625317874276975	-2.62669537196403	-2.06790805879159	-1.72999685638131	-1.08662714472807	-1.99343973018169	-1.43553037180369	-1.84611002747354	-0.85207505336283	-1.20294664618674
"2"	-0.156329468569244	-2.62669537196403	0.679987785098137	0.444786123586672	-0.728679825374242	-0.33294950669717	0.107127752523902	-0.461406603368108	1.07270569421107	-0.0267889722699068
"3"	-1.71962415426168	-2.62669537196403	0.679987785098137	0.444786123586672	-0.497549357900114	-0.683004268026856	-0.89022572862988	0.271517135459835	-0.565433819848524	-0.195455788414373
"4"	-0.156329468569244	-2.30450196875015	-0.693960136846728	-1.36753302638664	1.33803608113626	1.46449786421568	0.934132873189045	0.219952471073744	0.491988744754911	-0.798522831919731
"5"	-0.937976811415462	-2.30450196875015	-1.38093409781916	-1.00506919639198	0.225419824651705	-0.0501488307121864	0.273110067251314	-0.596222253308319	0.569795998554479	0.357068927015982
"6"	-0.937976811415462	-2.30450196875015	-1.38093409781916	-0.280141536402655	-0.749768953091163	-0.843077740984926	-0.424762946083825	-0.0790152759699464	-1.64137890833826	-1.11621696476896
"7"	-0.937976811415462	-1.98230856553627	-0.00698617587429566	-1.00506919639198	-0.508163551474914	0.475352684869238	-0.130455109840029	-0.41309316280058	-0.120033898140309	-0.0137538003277871
"8"	-0.156329468569244	-1.98230856553627	-0.693960136846728	1.53217761357066	-0.647718949187424	0.0598102064033087	-0.140795785988068	-0.706132190350124	-1.05515792676472	-0.523357044547014
"9"	-0.156329468569244	-1.98230856553627	-0.00698617587429566	-1.00506919639198	1.51509806156181	0.433126464765488	0.856715346806168	-0.467184077174362	0.464522095751747	0.0265254076960614
"10"	-3.28291883995412	-1.98230856553627	-2.06790805879159	-1.00506919639198	0.364549876350904	0.712942715756453	-0.0116636786580635	-0.1727162682353	0.621044898723015	1.7590108964096
"11"	-0.937976811415462	-1.98230856553627	-0.693960136846728	-2.09246068637597	0.402904773282028	0.191869481541959	-0.493450931544643	1.07132007929016	-0.631448922205199	-0.660464148229975
"12"	0.625317874276975	-1.98230856553627	0.679987785098137	0.444786123586672	-0.171731894755593	-0.0565835607566735	-0.374661536763939	-1.01823209871231	0.0863635994758882	-0.890238301399525
"14"	-0.937976811415462	-1.66011516232238	-1.38093409781916	-1.36753302638664	-0.310863135359063	-0.689104589958417	-1.00255022869169	-0.0144942095367684	-0.693376944015554	0.0298034185473491
"15"	-0.156329468569244	-1.66011516232238	0.679987785098137	0.0823222935920085	-0.114411033461293	-1.23068259182597	-0.486016708368523	0.218452550222142	-0.528124014092061	-0.405568204117466
"16"	0.625317874276975	-1.66011516232238	-0.00698617587429566	0.807249953581335	-1.60181622140483	-1.65504688488765	-1.43553037180369	-0.361776716058786	-0.700014900203504	0.774371069896088
"17"	-0.937976811415462	-1.66011516232238	0.679987785098137	-0.642605366397318	-0.0140612247065287	-0.512359103652063	-0.33700372535228	0.293176900182877	-0.840566759574931	-1.62074888168691
"18"	-0.156329468569244	-1.66011516232238	0.679987785098137	0.0823222935920085	-0.301661861448335	0.240795178859094	-0.866790483999187	-0.626533039321316	-1.09928570050626	-0.559384648148766
"19"	-1.71962415426168	-1.66011516232238	-0.693960136846728	0.0823222935920085	-0.469808654543791	0.0514574586910136	0.0769031460877329	0.977538805249175	-1.54083631120692	-0.316716519052231
"20"	0.625317874276975	-1.66011516232238	-0.00698617587429566	0.807249953581335	1.11837287707209	1.28315510774693	0.59845011394553	0.792908474979034	-3.28831950945124	-3.69689192812205
"21"	-0.937976811415462	-1.66011516232238	-0.693960136846728	0.444786123586672	0.422554976274637	-1.00547684686626	0.154319654269979	NA	-1.58553440318492	0.478075242140946
"22"	1.40696521712319	-1.66011516232238	-0.00698617587429566	-0.642605366397318	1.62026236918286	0.687001872025535	0.571297757726777	-0.11527862471104	-2.14495349396181	-0.72732490435128
"23"	-0.156329468569244	-1.66011516232238	-0.693960136846728	-1.36753302638664	1.73561433546114	1.84060527618607	0.926698650012925	1.06546399371872	1.31359776617498	-0.965916147984347
"24"	-0.937976811415462	-1.66011516232238	-1.38093409781916	0.0823222935920085	-1.48646544403083	-1.31518631874353	-1.88046741729286	-0.540602681418388	-1.2166191153199	0.0817381764509481
"25"	-0.156329468569244	-1.66011516232238	0.679987785098137	0.0823222935920085	0.881016179971873	0.756441477740027	0.188098629650602	0.613510451486894	-0.0484753079707017	0.857479704448572
"26"	-2.5012714971079	-1.3379217591085	-1.38093409781916	-1.36753302638664	0.700554998152643	-0.279674329701428	1.22262373068648	1.10057677132726	-1.84369763129306	-1.14138290191873
"27"	1.40696521712319	-1.3379217591085	1.36696174607057	0.444786123586672	-2.00845092299372	0.659936856301757	-0.633171644691051	0.362085393234896	0.419345505237695	0.141100214825568
"28"	-0.937976811415462	-1.3379217591085	-0.693960136846728	0.807249953581335	0.541185321858875	-0.269289525917755	-0.32374946882791	0.726959946067137	-0.430272567559423	0.353906047579559
"29"	0.625317874276975	-1.3379217591085	-0.00698617587429566	-1.72999685638131	0.563973455820499	1.05655360629736	-0.829941294802409	-0.474612893069933	0.359276699115877	0.674532656739128
"30"	-0.937976811415462	-1.3379217591085	1.36696174607057	1.169713783576	0.284439692190709	0.211661020047459	0.619136557244759	0.354848051689943	-0.704908613723477	-1.18634881223352
"31"	-0.156329468569244	-1.3379217591085	-0.693960136846728	-2.09246068637597	0.411680701179445	-0.0960374327801018	0.310766860462343	1.72130403769306	-1.31443971679518	-1.20443529112523
"32"	-1.71962415426168	-1.3379217591085	-0.00698617587429566	-0.280141536402655	-0.561382535401138	-0.547540972881728	0.120379972647011	-0.379947036856527	-0.504056953810292	-0.512792110863135
"33"	-0.937976811415462	-1.3379217591085	-0.693960136846728	0.0823222935920085	-1.12328065760594	-0.995317040447308	-0.913983403945895	-0.0790152759699464	0.806858983463427	1.94098068765501
"34"	-0.156329468569244	-1.3379217591085	-0.693960136846728	0.0823222935920085	-1.42220692051649	-0.970224084634475	-0.745090563444043	-1.47249768559528	-0.0874098782441161	-0.383611158518733
"35"	0.625317874276975	-1.3379217591085	1.36696174607057	1.169713783576	0.322369243108521	-1.14309735673749	-0.154050042512437	-0.813042285688724	0.533893318748579	0.389637271664355
"36"	-0.937976811415462	-1.3379217591085	-1.38093409781916	-1.36753302638664	NA	NA	NA	NA	NA	NA
"37"	-0.937976811415462	-1.3379217591085	-0.00698617587429566	1.169713783576	NA	NA	NA	NA	NA	NA
"38"	-0.156329468569244	-1.3379217591085	-0.693960136846728	-0.642605366397318	-0.608937517338719	-0.393077193910796	-0.435106676833755	-2.20937461024017	0.77537290002349	-0.417699386887622
"39"	0.625317874276975	-1.01572835589462	0.679987785098137	1.169713783576	-0.449142495031639	-0.076071392954516	-0.215302786596504	-0.646039747009669	-0.871805918172512	-0.100806325917389
"40"	1.40696521712319	-1.01572835589462	0.679987785098137	0.444786123586672	0.225418635747434	0.617585118171779	1.16217757241604	0.0998418883259813	0.346720247872778	-0.212992432845525
"41"	-0.156329468569244	-1.01572835589462	-0.693960136846728	-0.280141536402655	2.21356047765806	2.08940186734192	2.28429915153986	1.67060292963045	0.198964785779934	0.705874480096889
"42"	0.625317874276975	-1.01572835589462	0.679987785098137	0.807249953581335	0.619031894328376	0.604910837053061	0.75796855215468	0.737510468141611	1.22845730751856	0.659306456956293
"43"	-3.28291883995412	-1.01572835589462	-2.06790805879159	0.444786123586672	-1.26368674734508	-1.21544028234148	-2.19627031905077	-1.35088269861405	-1.23744517713147	-0.184054365189045
"44"	1.40696521712319	-1.01572835589462	2.053935707043	0.0823222935920085	1.83468929508024	1.89530602806613	1.96187166702134	-0.363123896761875	1.44656074904205	-1.01076534260934
"45"	-0.156329468569244	-1.01572835589462	0.679987785098137	-0.642605366397318	0.359736566388885	-0.065417271629797	1.06423532717691	0.328662312981999	0.747939699035092	-0.19357619365903
"47"	0.625317874276975	-1.01572835589462	-0.00698617587429566	-0.642605366397318	0.643235325762613	1.28315510774693	0.903909284953506	-0.246019309109622	0.125236174881319	-0.11800524602512
"48"	-1.71962415426168	-1.01572835589462	-0.693960136846728	0.0823222935920085	-0.0743571302854661	-0.504854826638824	-0.0795450783052615	-0.115627006618934	-0.282270312384666	0.089391764016376
"49"	0.625317874276975	-1.01572835589462	1.36696174607057	0.444786123586672	1.57581693534552	1.19824274140027	1.57155972825374	1.47719211937979	-0.0632896736137338	-0.420540667173793
"50"	0.625317874276975	-1.01572835589462	-0.00698617587429566	-0.280141536402655	0.055009419865555	0.675683504847111	0.54802423753906	-0.187399782929339	0.361578328071299	1.48701687102156
"51"	-0.156329468569244	-1.01572835589462	-1.38093409781916	-1.36753302638664	0.524344898657983	0.610458720040703	0.564509414121931	-0.449701728978505	-0.998183509926491	0.0815529833980127
"52"	1.40696521712319	-1.01572835589462	1.36696174607057	0.0823222935920085	0.322370432012792	-0.403396907122589	-0.472763470044784	0.792908474979034	0.508961924124417	1.28025819399172
"53"	0.625317874276975	-1.01572835589462	0.679987785098137	-3.54231600635462	0.615069276392978	1.67025104915496	0.16215945875492	0.405140842243791	0.146164655764471	-1.77336969627875
"54"	0.625317874276975	-1.01572835589462	-0.693960136846728	1.53217761357066	-1.28350102592633	-1.94397073466493	-1.00837128024057	-1.80507530047467	-0.75259333383171	-1.06574985953853
"55"	-1.71962415426168	-1.01572835589462	-0.693960136846728	0.0823222935920085	-1.04529482570376	-1.13940515637886	-2.2471823869868	-0.517228966057014	-1.76913721724473	-0.269190996566892
"56"	0.625317874276975	-1.01572835589462	-0.693960136846728	0.807249953581335	0.145733797600551	0.15780815608548	0.161592153003123	-0.116164876893905	-0.108938754983046	0.104316690474563
"57"	-1.71962415426168	-0.693534952680732	-0.00698617587429566	0.0823222935920085	0.192016308211011	-0.855248566453583	-1.2873249928017	1.73659553135033	-1.47560750318843	-0.051280842026561
"58"	0.625317874276975	-0.693534952680732	1.36696174607057	1.169713783576	0.114455822322141	-1.42764647881385	-0.0257245209960537	-1.19111198732425	2.35071440668878	0.616106804829145
"59"	-0.937976811415462	-0.693534952680732	-0.693960136846728	0.0823222935920085	0.186213046789688	0.0897290346834297	-0.452883612559175	-1.18523032955933	-1.86753645991897	-1.32557156689435
"60"	-0.156329468569244	-0.693534952680732	-0.00698617587429566	0.0823222935920085	-0.509863746623888	-0.956172328514489	-1.85687044821919	-0.559613511580573	0.272144482675783	1.00642084898357
"61"	0.625317874276975	-0.693534952680732	-0.00698617587429566	0.444786123586672	0.54330967411689	0.681444848293598	0.245797004790216	-0.0144942095367684	0.57145697385028	-0.172669344753656
"62"	-0.156329468569244	-0.693534952680732	-0.00698617587429566	0.0823222935920085	-0.61375201620501	-1.3930808142965	-1.14768539387753	0.174836183979245	-0.722048976389712	0.022548553151109
"63"	-0.156329468569244	-0.693534952680732	-0.00698617587429566	0.444786123586672	NA	NA	NA	NA	NA	NA
"64"	-0.937976811415462	-0.693534952680732	-2.06790805879159	-1.36753302638664	1.8545035736615	1.36341876573408	0.977610717948954	2.1394991042229	-1.48873374511112	-1.60683104165137
"65"	-0.156329468569244	-0.693534952680732	1.36696174607057	-1.36753302638664	-0.429328216450382	0.139332688970711	0.588752262766875	-0.179545783794407	-0.487852607621401	-0.541116404567995
"66"	0.625317874276975	-0.693534952680732	-0.693960136846728	-0.642605366397318	1.23329949733705	1.19709571754668	0.696714789869982	-0.647240193242861	-0.659311839955181	0.213271309184864
"67"	-0.156329468569244	-0.693534952680732	1.36696174607057	0.807249953581335	-0.688624733294144	-0.490120543176543	0.687016938691327	0.0338192310307587	0.318222042184672	0.339947162114965
"68"	0.625317874276975	-0.693534952680732	1.36696174607057	0.0823222935920085	NA	NA	NA	NA	NA	NA
"69"	0.625317874276975	-0.693534952680732	0.679987785098137	1.169713783576	0.323218746230873	0.513280712004432	-0.0692003293547011	1.0991524733196	1.04257984652813	0.133055217989828
"70"	0.625317874276975	-0.693534952680732	-0.00698617587429566	1.89464144356532	-3.26968378007187	-1.09824268081362	-2.64250268228588	1.17244988745108	-0.456039777718988	-0.340874912891541
"71"	-0.156329468569244	-0.693534952680732	-0.00698617587429566	-0.642605366397318	1.66385473318505	1.68192667630705	2.18218624603658	0.104620223073307	-0.940832801788851	-0.669712046752827
"72"	-0.937976811415462	-0.693534952680732	-1.38093409781916	0.0823222935920085	-1.58370213797255	-0.0780961231206624	-0.438823788421815	-1.07104732294473	-0.179484492653801	0.746008244997718
"73"	-0.937976811415462	-0.693534952680732	-1.38093409781916	-0.280141536402655	-1.1646105988217	-0.894193529043999	-1.23269784967887	1.3702122034899	-1.76255057651003	-0.583248402457014
"74"	1.40696521712319	-0.693534952680732	0.679987785098137	0.807249953581335	0.225419824651705	0.702084274717184	0.361676891997111	-0.596222253308319	1.21689697624362	0.588381263783875
"75"	-2.5012714971079	-0.693534952680732	-2.06790805879159	1.53217761357066	-3.11116122909191	-0.396323179246714	-3.19960453979515	0.265344155053791	0.270774972525831	0.502955212794143
"76"	-0.156329468569244	-0.693534952680732	-0.693960136846728	0.0823222935920085	1.83468929508024	2.20573329946311	1.89398924917351	1.33209492524647	0.573371517377759	1.30640147787012
"77"	0.625317874276975	-0.693534952680732	0.679987785098137	0.0823222935920085	-0.310437789345752	-0.0337196548245382	-0.425571568298707	-0.355927927240626	1.45726061560025	1.37986830969333
"78"	-0.156329468569244	-0.693534952680732	-0.00698617587429566	0.807249953581335	0.165123919072768	-1.309611013523	-0.126737998251969	0.901311721065416	-1.23990613541852	-1.26028831791868
"79"	-0.937976811415462	-0.693534952680732	-0.693960136846728	0.0823222935920085	-0.785999497764272	0.255529462321375	-0.622585075275908	-1.66583252190235	-0.216213713602141	-1.6514945769391
"80"	-0.156329468569244	-0.693534952680732	-0.693960136846728	-1.72999685638131	0.601480038533542	0.45873290038348	1.61665074464089	1.43765485096074	-0.556636189546784	0.579348238114231
"82"	-0.156329468569244	-0.693534952680732	-0.693960136846728	1.169713783576	0.277788116551307	0.904674846381023	-1.79335305793196	-0.582149530948923	0.964515876905022	0.186488467809772
"83"	-0.156329468569244	-0.693534952680732	-0.00698617587429566	0.0823222935920085	-1.26014709761445	-1.375982822183	-1.02889599909682	1.326517049932	0.812226982094704	0.396480238448307
"84"	0.625317874276975	-0.693534952680732	1.36696174607057	-1.00506919639198	0.979665793577663	-0.130089617492286	0.189067958107829	0.11882266291282	0.731501349187928	0.745969019556525
"85"	1.40696521712319	-0.693534952680732	1.36696174607057	0.444786123586672	0.324493595366535	0.0138501285523026	-0.815879434263789	-0.443851621249546	-1.85628754759756	-1.29533264700979
"86"	-0.156329468569244	-0.693534952680732	-0.00698617587429566	0.444786123586672	-0.785999497764272	0.436742130391748	-0.906551217171035	0.744513960374541	0.18610746323758	0.763765049802996
"87"	0.625317874276975	-0.693534952680732	1.36696174607057	1.53217761357066	0.0466588379814494	1.1088906495262	0.643539093931418	0.0895614874938565	1.80860788840747	1.60281523365615
"88"	-0.156329468569244	-0.693534952680732	0.679987785098137	0.0823222935920085	NA	NA	NA	NA	NA	NA
"89"	1.40696521712319	-0.693534952680732	0.679987785098137	0.444786123586672	-1.64498561720224	-0.163073487293811	-2.02964110655145	-1.37452767857875	-0.357511523182658	-0.884117176657116
"91"	-0.156329468569244	-0.693534952680732	-0.00698617587429566	0.0823222935920085	-1.62078099686374	-1.01914978195161	-0.944206992181433	1.00821882748277	-0.188834212596393	0.404320871212507
"92"	0.625317874276975	-0.693534952680732	0.679987785098137	0.444786123586672	0.203905350921474	-0.656603498156783	-0.211586693209075	0.955553881127091	0.386724116345143	0.896718143459043
"93"	0.625317874276975	-0.371341549466849	0.679987785098137	0.0823222935920085	-1.14564463445853	-1.1436154069148	-0.981056181378211	-0.215256542828614	-0.483195729802405	-0.960843521030596
"94"	1.40696521712319	-0.371341549466849	1.36696174607057	1.53217761357066	0.761700406853932	1.15815075495626	0.869970621531169	0.266842932544415	0.249402495954689	-0.394598129289775
"95"	-0.156329468569244	-0.371341549466849	-0.00698617587429566	1.53217761357066	-0.231602454321219	-0.325202392223296	0.126197969593999	-0.0174199228566478	0.48676497078085	0.420141532214016
"96"	0.625317874276975	-0.371341549466849	-0.00698617587429566	0.444786123586672	-1.49311583076596	-0.0665734362276875	-2.73575594707696	-2.59373296823859	-1.06318686664588	-1.499509279506
"97"	0.625317874276975	-0.371341549466849	0.679987785098137	0.807249953581335	0.613512718986456	1.03435394621893	0.649360145480298	0.953343701862949	0.867444883429535	-0.244918854875491
"98"	-0.937976811415462	-0.371341549466849	-0.00698617587429566	1.169713783576	-0.172157240768904	-0.835082777285594	-0.347508162344555	1.77225922865531	-1.07857390044639	-0.747302553937038
"99"	0.625317874276975	-0.371341549466849	-0.693960136846728	0.444786123586672	0.999906607076503	0.752192268065331	0.608632120252484	0.980912748767447	0.344037426798722	0.520907516934109
"100"	2.18861255996941	-0.371341549466849	1.36696174607057	1.169713783576	0.504529431172455	0.580325907262436	0.707057502419281	0.959921074158321	1.33543927684973	0.649877768843375
"101"	-0.156329468569244	-0.371341549466849	0.679987785098137	-0.642605366397318	0.880590833958562	-0.66287832140843	0.096137124002067	1.35559431410225	-0.0525204401713512	1.10231737811873
"102"	0.625317874276975	-0.371341549466849	0.679987785098137	1.169713783576	NA	NA	NA	NA	NA	NA
"103"	-0.156329468569244	-0.371341549466849	-0.693960136846728	1.169713783576	-0.747644600833148	-1.40578579722049	-0.6563630324559	-3.30425222644793	-2.82933938175182	-3.07608499170233
"104"	-0.937976811415462	-0.371341549466849	-0.693960136846728	0.444786123586672	NA	NA	NA	NA	NA	NA
"105"	-0.937976811415462	-0.371341549466849	0.679987785098137	0.0823222935920085	-1.68150224845598	-2.08451284591425	-1.21120278416476	0.858851026048448	-0.659428652666972	-0.171980238499064
"106"	-0.156329468569244	-0.371341549466849	1.36696174607057	-0.642605366397318	-0.628328827715207	-1.4775891115862	-1.97275033542609	-0.82917182643865	-2.05008986690198	-2.20370621163412
"107"	0.625317874276975	-0.371341549466849	1.36696174607057	-0.642605366397318	0.286564044448724	0.220090661863628	1.10754941109258	0.184763895071433	-0.112095729407965	0.337063515032364
"108"	0.625317874276975	-0.371341549466849	1.36696174607057	0.807249953581335	1.05935063172455	1.2054742713067	-0.250049054033093	0.926222709607023	-0.193212213654116	1.4416821416766
"109"	-0.156329468569244	-0.371341549466849	-0.00698617587429566	0.0823222935920085	-0.687775230171793	-0.446422031850566	-1.0158024488148	-2.01903979118612	-1.17937405014887	-0.912237381277954
"110"	-2.5012714971079	-0.371341549466849	-2.06790805879159	-0.280141536402655	-1.24387246876382	-0.436432156379552	-0.0352606477317328	-0.0613846710074391	-0.678852002788076	0.835423052628661
"111"	-0.156329468569244	-0.371341549466849	-0.693960136846728	-0.642605366397318	-1.00609161455456	-0.400310828579511	0.0996925111471507	-0.887841115132427	-0.422906556989426	-0.381784863804364
"112"	0.625317874276975	-0.371341549466849	-0.00698617587429566	-0.642605366397318	0.918096227767334	-0.383570096439673	0.802896825898222	0.54675560106812	0.0934673340548705	-1.36640587617071
"113"	-0.156329468569244	-0.371341549466849	-0.693960136846728	-0.642605366397318	-0.290198164751183	0.729023772414734	0.530569732498963	-1.68638655346278	1.46328036017988	0.0998705010667648
"114"	-0.156329468569244	-0.371341549466849	0.679987785098137	0.807249953581335	1.21829733981355	0.490042555409808	2.02975001206665	-0.317810648997195	2.36690295421569	0.265699448851457
"115"	-3.28291883995412	-0.371341549466849	-2.75488201976402	-0.642605366397318	-2.65498964214561	-2.18391076308692	-2.0315833220693	-0.961059917498719	-2.33263820663515	-0.904771901224474
"116"	0.625317874276975	-0.371341549466849	1.36696174607057	0.0823222935920085	0.980092328495245	0.685994077314609	0.0554101169748835	-0.248939571236481	-0.220901161958013	-0.211247978545804
"117"	-1.71962415426168	-0.371341549466849	-1.38093409781916	-1.72999685638131	NA	NA	NA	NA	NA	NA
"118"	1.40696521712319	-0.371341549466849	-0.00698617587429566	0.444786123586672	0.690791496604465	0.546807880005582	0.547540082410762	0.0508361673245285	1.82179281779962	0.763797649302085
"119"	-0.156329468569244	-0.371341549466849	-0.693960136846728	0.807249953581335	1.59690844087098	2.40913191649547	-0.739270530095793	0.448549043955297	0.681051050628597	1.18550163888826
"121"	-0.937976811415462	-0.371341549466849	-0.693960136846728	0.807249953581335	-0.449993187058262	-0.0665642954833928	-1.583248037074	0.121478781639814	-2.12415734052347	-3.16400549747193
"122"	-0.156329468569244	-0.371341549466849	-0.00698617587429566	0.807249953581335	-1.62955811366542	-1.96463540911083	-1.87844764615617	-1.26532702812475	-0.985867930409771	1.32174547581246
"123"	-0.156329468569244	-0.371341549466849	-2.06790805879159	-3.90477983634929	1.36974178023652	1.35203770414535	0.900354916009053	1.10587332153817	-1.33594310760518	-0.322238178053712
"124"	-0.156329468569244	-0.371341549466849	-0.00698617587429566	-2.8173883463653	0.727309316762477	1.1383193739012	0.0621974423790987	0.429840677332764	0.045997690584291	-0.603353748509722
"125"	-2.5012714971079	-0.371341549466849	-1.38093409781916	-0.642605366397318	-0.350068724316809	0.143742688849052	-0.421852420309385	1.22661624911899	0.522418094740754	0.423332920609987
"126"	0.625317874276975	-0.371341549466849	0.679987785098137	0.0823222935920085	1.09940691270892	1.28261637991945	1.86004956755055	-0.24894352796888	1.11904941033622	-0.0675816240393502
"127"	-0.937976811415462	-0.371341549466849	-0.693960136846728	-1.36753302638664	0.900407490348361	0.659732536587206	0.853000271619369	1.66767422738933	-1.54083506158532	-0.809054257978495
"128"	1.40696521712319	-0.371341549466849	-0.693960136846728	0.444786123586672	-1.02377916306926	-0.238617985312011	-0.720687008556753	-3.55484659732322	-0.017825063705888	-0.138483110015451
"129"	-0.156329468569244	-0.371341549466849	0.679987785098137	-1.36753302638664	0.498441272074772	1.23911304756373	0.711420493578616	0.417744842687911	-0.723269968383206	-0.0671548388801054
"130"	-0.937976811415462	-0.371341549466849	-0.693960136846728	0.444786123586672	-2.00335709366511	-1.97936512220096	-1.88046741729286	-0.839494805618132	-0.260931169114484	-0.385788491959534
"131"	-0.156329468569244	-0.371341549466849	0.679987785098137	0.444786123586672	0.00660255699708058	0.492446106610591	-0.0590173048471169	1.00415691136262	1.14869968864695	1.72860593027516
"135"	-0.156329468569244	-0.0491481462529654	1.36696174607057	-0.280141536402655	-0.211788175739962	0.792683753194149	0.59182349478366	1.10057677132726	1.50468970310679	0.135965542509336
"136"	1.40696521712319	-0.0491481462529654	-1.38093409781916	-2.09246068637597	1.27774255336586	1.33629562597215	-0.504602266308824	0.545254361305718	-0.670920477445055	-0.151195199450685
"137"	-0.937976811415462	-0.0491481462529654	-0.00698617587429566	-0.280141536402655	1.08044094834574	1.52272176891724	1.3848909702271	-0.243089112407879	0.296277275690741	0.836264246844335
"138"	0.625317874276975	-0.0491481462529654	-0.693960136846728	0.0823222935920085	NA	NA	NA	NA	NA	NA
"139"	0.625317874276975	-0.0491481462529654	-0.00698617587429566	-1.72999685638131	-0.50066247271316	-1.17750768483414	0.710452183322019	0.2371934346918	1.19564822588756	0.740200240313682
"140"	-0.937976811415462	-0.0491481462529654	-0.00698617587429566	-0.642605366397318	0.690791496604465	1.76495354163023	1.03579223001624	-0.791374017888744	-0.120362049624546	0.665591287807373
"141"	-0.937976811415462	-0.0491481462529654	-0.693960136846728	1.169713783576	0.286564044448724	1.26076940944254	1.2195524986697	-0.812439996431018	1.10488679064153	0.965169321839905
"142"	1.40696521712319	-0.0491481462529654	-0.693960136846728	-0.280141536402655	-1.36361121008653	-1.65015867738156	-1.51084294002512	0.137879235893425	-1.08755037296722	-0.23917120765898
"143"	-0.937976811415462	-0.0491481462529654	0.679987785098137	0.807249953581335	-0.38177204560853	0.367650643906624	-0.734424402008791	-0.944331076412328	0.0607338388237732	-1.42493493828608
"144"	-0.156329468569244	-0.0491481462529654	-0.00698617587429566	-0.280141536402655	0.314730093818358	-1.09100207961118	-0.0969975469440979	0.0140164476939702	-0.777272552605827	0.11447239339887
"145"	-1.71962415426168	-0.0491481462529654	-3.44185598073646	0.444786123586672	-1.86068858113955	-1.78191149067947	-1.61929064045715	0.728384595174436	-0.249402130410202	0.870902321817725
"146"	0.625317874276975	-0.0491481462529654	0.679987785098137	-0.280141536402655	NA	NA	NA	NA	NA	NA
"147"	-0.937976811415462	-0.0491481462529654	-0.00698617587429566	-1.00506919639198	1.19678048827477	-0.97090661197677	-0.0522299794429016	0.351922162820243	1.72802634839747	0.85387532956821
"148"	0.625317874276975	-0.0491481462529654	-0.00698617587429566	0.0823222935920085	-0.111437178080927	-0.220020279743399	0.504064274052115	-0.0643865338207282	0.801424248951609	0.885494657803843
"149"	-0.937976811415462	-0.0491481462529654	-0.00698617587429566	-0.280141536402655	-0.429328216450382	-0.736344535594479	0.0495890654260033	-0.246019309109622	0.480200192823698	0.416139189836847
"150"	-0.937976811415462	-0.0491481462529654	0.679987785098137	-1.36753302638664	-4.20184123254573	-1.91863827970551	0.0156483656024043	0.447047277543431	0.260913552506672	0.398065336369613
"151"	-0.937976811415462	-0.0491481462529654	-1.38093409781916	0.444786123586672	-0.569310149080475	0.0284373329273811	0.717239508726235	-0.210830733107311	0.373015758879169	0.188376919095504
"152"	0.625317874276975	-0.0491481462529654	-0.00698617587429566	-1.00506919639198	-0.331952263075984	0.960518051742536	0.632389795568498	0.425067980164188	-0.851797689744042	0.131048753168132
"153"	-0.937976811415462	-0.0491481462529654	-0.00698617587429566	-1.36753302638664	-1.04529482570376	-0.982916647241783	-2.21615119473701	-0.00571522401686677	1.20809755168583	1.74664050337459
"154"	0.625317874276975	-0.0491481462529654	0.679987785098137	-1.00506919639198	0.49179088533964	0.553581588535142	1.20274387320087	-0.0638587551589496	0.458343400044252	-0.823074549865143
"155"	0.625317874276975	-0.0491481462529654	0.679987785098137	-1.36753302638664	0.106529397547075	-1.45353376887876	0.442810511767417	-0.248939571236481	-0.478536089219326	-1.05665448050291
"156"	-0.156329468569244	-0.0491481462529654	-0.00698617587429566	-0.642605366397318	0.800481838702638	0.0946172421895136	-0.371749992788868	0.595071855007068	0.848795509376012	0.521929173036992
"157"	-0.156329468569244	-0.0491481462529654	-0.00698617587429566	-2.45492451637063	NA	NA	NA	NA	NA	NA
"158"	-0.937976811415462	-0.0491481462529654	-0.693960136846728	-0.642605366397318	-1.18442606630723	-1.54480206358158	-0.961983927906853	-1.77138980979502	-0.366714140990143	-1.00521355445227
"159"	-0.937976811415462	-0.0491481462529654	-0.693960136846728	0.444786123586672	0.416068665128154	0.637411928854695	0.154481378712955	0.824536179456992	-0.822446488476519	-0.23155226285248
"160"	-0.156329468569244	-0.0491481462529654	0.679987785098137	-0.642605366397318	1.71579886797561	2.4252175435259	1.344322633041	0.595067898274669	0.32808471182543	1.52374501588267
"161"	1.40696521712319	-0.0491481462529654	1.36696174607057	0.0823222935920085	0.337233330103621	0.676695869930184	-0.551632443611925	-0.440603210802403	0.934527065855522	-0.39015590187956
"162"	-0.937976811415462	-0.0491481462529654	-0.00698617587429566	-1.00506919639198	1.71325035860855	0.761868413073588	0.228826654878416	2.19523854731457	0.64463930174977	0.161682417783214
"163"	0.625317874276975	-0.0491481462529654	-0.00698617587429566	-1.72999685638131	-0.0928965597310609	0.724939039905024	0.0628423037497424	0.619974403434412	-1.58605149702921	-0.297895255170181
"164"	2.18861255996941	0.273045256960918	1.36696174607057	-0.280141536402655	0.384788312041202	0.805571494771713	0.343899956271691	1.21783726359909	0.648708538497317	-0.117483758602838
"165"	-0.937976811415462	0.273045256960918	-0.00698617587429566	0.0823222935920085	0.583788923306027	1.10126905307855	0.649360145480298	-0.435075624650887	1.50140966181505	1.85928127518051
"166"	0.625317874276975	0.273045256960918	-0.00698617587429566	-1.00506919639198	-0.373447468784663	-0.378677318561441	1.62327634560213	1.86488966771741	0.0986911080289324	0.563971195017384
"167"	-0.156329468569244	0.273045256960918	-0.00698617587429566	0.0823222935920085	0.464899685105668	1.10480591701649	1.02269867973421	0.114471157124663	0.042759454878179	0.493961643062054
"168"	0.625317874276975	0.273045256960918	-0.00698617587429566	0.0823222935920085	0.201640550326508	-0.380059363934857	0.432628505460464	0.904511512360044	-0.209891813462351	-0.363980431751883
"169"	1.40696521712319	0.273045256960918	0.679987785098137	-1.72999685638131	0.619031894328376	1.18610718810903	0.75796855215468	-0.537284162282993	0.256977752880893	0.221541374826433
"170"	1.40696521712319	0.273045256960918	0.679987785098137	0.807249953581335	-0.293311279564229	0.56744273605702	-0.280111936026286	-1.23184952642667	-0.103991484240457	-0.195861258482564
"171"	1.40696521712319	0.273045256960918	1.36696174607057	-1.36753302638664	1.38474393776003	1.79542990326571	1.76178590982672	2.00444242080452	-1.37454119686971	0.513177165348741
"172"	1.40696521712319	0.273045256960918	-0.00698617587429566	-0.642605366397318	-0.191547362241122	-0.195600710528566	0.470124592429147	-0.389685084031818	0.95732482792887	-0.0609674960893306
"173"	-0.156329468569244	0.273045256960918	1.36696174607057	0.807249953581335	-0.409938094978164	-0.763623011777102	-1.0770562110995	-0.161012888306319	0.462362008763955	2.1225107424628
"174"	1.40696521712319	0.273045256960918	1.36696174607057	0.444786123586672	1.13818715565335	0.261634354625083	0.259857847128206	1.54456494629934	-0.664311842172382	-0.190761977133039
"175"	0.625317874276975	0.273045256960918	2.053935707043	0.807249953581335	0.861200712486344	0.854836170573921	1.96865797422493	0.942366092039759	0.852218508656742	-0.0163169061604776
"177"	-0.156329468569244	0.273045256960918	0.679987785098137	1.169713783576	-0.12304451252053	0.026872528900389	0.044014925344859	-0.165478926690347	-0.247490217886364	-0.563733781697951
"178"	-0.937976811415462	0.273045256960918	-0.00698617587429566	0.807249953581335	-0.746795097710797	-0.79551508588674	-0.466136850882914	-0.942083275194101	-0.270248805377716	-0.231598626009058
"179"	-0.156329468569244	0.273045256960918	-0.693960136846728	-0.280141536402655	NA	NA	NA	NA	NA	NA
"180"	-0.156329468569244	0.273045256960918	-0.693960136846728	-1.72999685638131	0.522218168591427	-1.01733394187216	0.768957144275254	0.81781533123842	-2.56066631266738	-1.18145591641934
"181"	-0.156329468569244	0.273045256960918	0.679987785098137	1.53217761357066	-0.412064825044721	-0.968173223035207	-0.384196645298987	0.175914913450427	0.407566910687417	0.905402112270667
"182"	-0.937976811415462	0.273045256960918	-0.693960136846728	-0.642605366397318	-3.01081379814569	-2.34415416699293	-1.55060367319697	0.57158815339436	0.550079103511415	0.0176539818193115
"183"	0.625317874276975	0.273045256960918	-0.693960136846728	-0.280141536402655	0.999906607076503	0.016422727290221	-1.03067191336767	1.44200354337748	0.579389880575343	0.601882735695813
"184"	-0.156329468569244	0.273045256960918	-0.693960136846728	-1.36753302638664	-0.747219254819837	-1.22633543739625	-1.10356472414824	-2.51427142787765	-2.08157719996351	-1.85510990572892
"186"	0.625317874276975	0.273045256960918	-0.693960136846728	-0.280141536402655	0.581239225034702	-1.28911538661423	0.551258212199453	0.082211283363474	0.774817342631401	-0.165700838735916
"187"	-2.5012714971079	0.273045256960918	-2.75488201976402	-0.642605366397318	-0.270808043278966	0.0536819381995635	-1.97937797278859	-0.262145860938306	-0.618033279506673	0.148805866055337
"188"	-0.156329468569244	0.273045256960918	-1.38093409781916	0.444786123586672	-0.0313269939207313	1.0951595904027	0.0554090987742528	-0.88048493315956	0.290486473801171	0.175973710416453
"189"	-0.937976811415462	0.273045256960918	0.679987785098137	1.169713783576	0.007453249023703	-0.140752879561299	0.015649383803035	-0.731038871059688	0.794019643073373	0.817973358167386
"190"	-0.937976811415462	0.273045256960918	0.679987785098137	-0.280141536402655	0.562700984493378	-0.0381387954471735	0.659703876230228	-0.512721731199102	0.460470709396058	0.615127250791445
"191"	0.625317874276975	0.273045256960918	0.679987785098137	1.169713783576	0.0462334919681379	0.337847668869136	0.84346414488369	-0.298681266544063	0.196533280168607	-2.28055972851371
"192"	-0.937976811415462	0.273045256960918	-1.38093409781916	-2.45492451637063	-0.689048890403185	-1.23945121212722	-0.966996357240851	0.316657963973986	0.316842442893342	0.368982274996071
"194"	0.625317874276975	0.273045256960918	0.679987785098137	-0.280141536402655	0.524344898657983	0.5588087745263	-0.0869782832807518	-0.355927927240626	-0.568696291861975	0.121625322844233
"195"	0.625317874276975	0.273045256960918	0.679987785098137	-1.36753302638664	-0.172582586782216	-0.290597768567193	-0.472763470044784	1.34087373521655	-0.0468709337751606	0.317203933245489
"196"	-0.937976811415462	0.273045256960918	-2.06790805879159	0.0823222935920085	-2.12450994355616	-1.21662169496169	-1.4329432949152	-2.84166990147609	-1.46093902469822	-1.68237661599538
"197"	0.625317874276975	0.273045256960918	1.36696174607057	-1.72999685638131	0.673239640809631	-0.729570827064918	0.828513566108582	1.44990923888268	0.0284585835677583	-0.13873828974233
"198"	0.625317874276975	0.273045256960918	1.36696174607057	0.0823222935920085	0.078787505286481	-0.59307817614789	0.115773124621832	-0.192643406155697	0.943249144396663	0.437489663803893
"199"	-0.937976811415462	0.273045256960918	-0.00698617587429566	0.0823222935920085	-0.913665852766319	1.45181901272481	0.364748124013896	-0.318367370986301	0.715014526726085	-0.00267152135005904
"200"	-0.156329468569244	0.273045256960918	-0.00698617587429566	-0.642605366397318	-2.35691526016595	-0.272642747791311	-1.12796624263426	1.09472516913768	-1.294437576122	-0.123957736635516
"201"	0.625317874276975	0.273045256960918	-0.00698617587429566	0.444786123586672	0.522220546399969	-0.809655413359835	0.955625902301894	1.06546399371872	0.0197373417742139	-0.275001065840232
"202"	0.625317874276975	0.273045256960918	2.053935707043	0.807249953581335	1.05581335980246	0.0800827080696364	0.49355983705984	0.34860513814547	0.883641312967785	-0.659791336474885
"203"	-0.156329468569244	0.273045256960918	-0.693960136846728	0.444786123586672	-0.150217421025361	0.616233774603632	-1.0403687463457	-1.20640348098151	-0.0168746535883326	0.540395116439576
"204"	-0.937976811415462	0.273045256960918	2.053935707043	-0.280141536402655	-0.269958540156614	0.556314977476705	-0.45304431880152	0.274481582981819	-0.161484622779269	0.271114929125692
"205"	0.625317874276975	0.595238660174801	-0.00698617587429566	-0.280141536402655	0.294066312114749	0.208419605083688	0.687015920490696	-0.857109898887387	-0.579641701880491	-0.92608299221487
"206"	-0.937976811415462	0.595238660174801	0.679987785098137	1.169713783576	0.0673226196850584	1.36185764866843	0.943670018125355	-0.587446081159838	1.42872920837163	1.42265583114541
"207"	-0.937976811415462	0.595238660174801	-1.38093409781916	0.444786123586672	-1.32313196089739	-0.9339863795525	-1.09031046762387	-0.587446081159838	-0.0608288470871297	0.624498840911695
"208"	0.625317874276975	0.595238660174801	0.679987785098137	-0.280141536402655	1.43230010860188	1.01981156215452	-0.0847126188769555	1.25189987285118	0.0778517704383043	0.995252045700274
"209"	-0.156329468569244	0.595238660174801	-0.00698617587429566	-2.09246068637597	0.968909151164683	1.51952388346437	0.044014925344859	0.177529366897901	0.864150872371169	1.05897249181805
"210"	2.18861255996941	0.595238660174801	2.053935707043	1.169713783576	0.374457015641533	0.266188154018241	0.918215002357971	-0.332479970908781	-0.996518522245008	-0.571350380273762
"211"	-0.156329468569244	0.595238660174801	-0.693960136846728	0.0823222935920085	-0.132954029619701	-0.194432125613996	-1.07043061013826	-0.00864111288656736	0.786295065882425	0.704956525403182
"212"	0.625317874276975	0.595238660174801	-0.00698617587429566	-0.280141536402655	-0.0338766921920574	-0.484558949072459	1.24993781134821	0.199395626141894	1.84232861844804	1.86458114367686
"213"	2.18861255996941	0.595238660174801	2.053935707043	-2.8173883463653	-0.249293569548734	-0.145264662194327	1.00201325463561	0.439697073413049	-1.17682607562485	-2.64186491315947
"214"	-0.156329468569244	0.595238660174801	-0.00698617587429566	-0.280141536402655	0.442109173335503	-0.372572426257733	-0.292720312979381	0.967261393338292	0.0285033012705962	0.577504605923624
"215"	-0.937976811415462	0.595238660174801	-0.00698617587429566	0.807249953581335	-1.08492457177055	-1.83727191804109	-0.282376582229451	-1.05634208020246	1.69816527594873	0.248154381717496
"216"	-0.156329468569244	0.595238660174801	-0.00698617587429566	0.0823222935920085	0.421870737645205	-0.464388589532323	1.30456393627041	1.45813721640962	1.09358708386159	-2.30713028225175
"217"	-0.156329468569244	0.595238660174801	-0.693960136846728	-0.280141536402655	0.561424946453444	0.467196930966261	-0.168111903051058	0.113045189106565	-0.50400519084372	-1.09681064265713
"218"	-0.937976811415462	0.595238660174801	-0.00698617587429566	-0.642605366397318	0.405879817566665	1.45873195039704	0.734209858638034	-0.832171668141855	0.627347400689153	-0.732125592217761
"220"	-0.156329468569244	0.595238660174801	-1.38093409781916	0.444786123586672	-0.998164000875223	-1.16667906218934	-1.35148724445958	-1.52285058729982	0.108541602159117	1.4005136350272
"221"	-0.156329468569244	0.595238660174801	-0.693960136846728	1.169713783576	-0.21136164082238	0.455186895701248	0.667137081205718	-0.596222253308319	0.781126487986862	1.06570928697886
"222"	-0.937976811415462	0.595238660174801	-1.38093409781916	0.444786123586672	-0.00924791474450869	-0.762615217066177	-0.252475424679235	0.214072307769438	0.89656049861768	0.523501436090996
"223"	-0.156329468569244	0.595238660174801	-0.693960136846728	-1.36753302638664	0.825534773259227	1.20606865756247	0.80548492098734	0.345963387750749	0.026046900003677	1.04602444005329
"224"	-0.156329468569244	0.595238660174801	-0.00698617587429566	-0.280141536402655	0.825534773259227	0.346946126911157	-0.341042249425031	0.47785446773206	-1.87026206167979	-1.80287820818757
"225"	-0.156329468569244	0.595238660174801	-0.00698617587429566	-0.280141536402655	-0.128138341849139	-1.24663356008588	-0.495875265789524	-0.796940162692544	-0.366645634493279	-2.60590368306114
"226"	-0.156329468569244	0.595238660174801	-2.06790805879159	0.0823222935920085	-0.219713411610756	-0.479470992223972	0.650328455736894	-0.977822770892856	0.528226632308375	0.451215877872252
"227"	0.625317874276975	0.595238660174801	0.679987785098137	0.444786123586672	-0.0580801236262946	-1.25252956230289	-0.482460303022808	0.34860513814547	0.303546954944446	0.860325914520978
"228"	0.625317874276975	0.595238660174801	-0.00698617587429566	-1.72999685638131	-0.628328827715207	-0.243018844446057	0.0663987090954574	-0.66128417893771	1.03733917362361	-0.756639042433688
"229"	-0.156329468569244	0.595238660174801	-0.00698617587429566	1.169713783576	-0.330677413940321	-0.479127443366751	-0.147424441551198	-0.804266289090064	0.73370003148396	-0.345337080865013
"230"	1.40696521712319	0.917432063388684	1.36696174607057	0.0823222935920085	0.860350020459722	0.564909096457861	1.30004023886873	-0.470185588888009	0.421505592225487	1.01052492120214
"231"	-0.937976811415462	0.917432063388684	-1.38093409781916	0.0823222935920085	0.034345638161946	-0.403057928637515	-0.893297978847296	0.760693025125466	-0.178423746814026	0.647290379397113
"232"	-0.937976811415462	0.917432063388684	-0.00698617587429566	0.444786123586672	0.542884328103578	-0.376327321026663	0.700270177015066	0.221455380846588	0.897871602411737	0.381320336867321
"233"	-0.156329468569244	0.917432063388684	-0.00698617587429566	-0.280141536402655	-0.847144906465561	-0.241867250220314	1.4122040326882	0.284397914662976	-0.687107643589933	-0.158474073259389
"234"	1.40696521712319	0.917432063388684	0.679987785098137	1.53217761357066	-0.0528426565552344	-0.852206900832216	0.592631098797911	0.451476251735797	0.539950277254403	0.0614465711257583
"235"	-0.156329468569244	0.917432063388684	-0.693960136846728	0.444786123586672	-0.945795708975622	-0.602041975419389	-0.126735961850708	-1.38599266285117	0.253242790012181	-0.813108105453353
"236"	-0.156329468569244	0.917432063388684	0.679987785098137	1.169713783576	1.44546400044801	1.76153762534637	1.56477240284952	1.1955409587981	1.41180143409944	-0.338220439397712
"237"	0.625317874276975	0.917432063388684	-0.693960136846728	1.169713783576	-1.13361314290988	-1.30621794909988	-1.0394004360891	-3.0821574030178	0.212138199009759	-0.299913395874055
"238"	1.40696521712319	0.917432063388684	-0.693960136846728	1.169713783576	0.254010031130381	0.973183192116959	0.724189576774057	0.348018536130837	0.727735093748551	-0.355368897387368
"239"	-0.937976811415462	0.917432063388684	-1.38093409781916	-1.00506919639198	1.25750173986702	-0.952791684408049	0.273110067251314	-0.133181813187675	-0.00164052856465118	-0.0594513221883743
"240"	-0.937976811415462	0.917432063388684	-1.38093409781916	-1.00506919639198	0.560999600440133	-1.81850188536296	-0.669776977021985	0.508718604600318	0.0827687171182673	0.624254040423614
"241"	-0.156329468569244	0.917432063388684	-1.38093409781916	0.807249953581335	NA	NA	NA	NA	NA	NA
"242"	0.625317874276975	0.917432063388684	-0.00698617587429566	0.0823222935920085	-0.865685524815427	-0.532277102336265	-0.78856739000332	-1.71421894749223	-1.49374392754379	0.633542734252035
"243"	-0.156329468569244	0.917432063388684	-0.00698617587429566	1.53217761357066	0.682439725816088	0.289711735431934	0.0657528295241824	-0.140532192867878	0.445376241009874	0.18239639863487
"244"	-0.156329468569244	0.917432063388684	1.36696174607057	-1.36753302638664	0.0272675276049606	0.272622884062728	-0.171020392424237	-0.588870379167494	1.2133380581906	1.21285515096518
"245"	-0.156329468569244	0.917432063388684	-0.00698617587429566	-0.280141536402655	1.55430246161528	0.80422929194786	1.68453214428808	1.37456089590664	0.264506921721809	-0.0346378138569814
"246"	0.625317874276975	0.917432063388684	0.679987785098137	1.169713783576	-0.985424266138137	-0.864885752323082	-1.78979767078688	-1.78601740858326	-2.65056423931902	-1.16736759415055
"247"	-0.156329468569244	0.917432063388684	1.36696174607057	0.444786123586672	1.23726330417672	0.34916603604756	0.700270177015066	1.59002829639093	1.14618488102414	2.95501858849681
"248"	-0.937976811415462	0.917432063388684	0.679987785098137	1.53217761357066	-0.887199998545659	-0.957509960966194	-0.798912138953881	-0.229963104481684	0.384279890588797	-0.456921615850119
"249"	-0.156329468569244	0.917432063388684	-0.693960136846728	-1.72999685638131	-0.760383146665963	-0.694670754434648	-0.802143059012381	-0.0379537208294667	-1.18429099682883	0.48213198246931
"250"	-0.937976811415462	0.917432063388684	-0.693960136846728	-0.642605366397318	-0.998164000875223	-0.379350705159441	-0.377570026137117	-0.19574983514026	0.529468840667809	0.227500514149841
"251"	1.40696521712319	0.917432063388684	-0.693960136846728	0.444786123586672	-0.373447468784663	0.0424936594195148	0.230145965871288	NA	NA	NA
"252"	-1.71962415426168	0.917432063388684	-0.00698617587429566	1.53217761357066	1.01955681006911	1.8792204010357	1.09771942372253	NA	NA	NA
"253"	0.625317874276975	0.917432063388684	-0.00698617587429566	-0.642605366397318	-0.529252679191835	-0.468942388925481	0.0156504020036657	1.43908328125062	1.78204483940278	1.13310147773138
"254"	0.625317874276975	0.917432063388684	0.679987785098137	0.444786123586672	0.623419858277085	0.411353725604748	1.00573036622367	1.34087373521655	0.582972042787945	0.200114381220791
"255"	-0.937976811415462	0.917432063388684	-0.693960136846728	0.444786123586672	-0.120213105978344	-0.19068637158936	-0.286416124502834	0.103592599317053	0.0532863204983339	-0.676427289975494
"256"	0.625317874276975	0.917432063388684	1.36696174607057	0.0823222935920085	0.766089559706912	0.505129528473604	0.774937883865848	-0.361505802555101	0.974400151849479	0.902097135228152
"257"	0.625317874276975	0.917432063388684	0.679987785098137	0.0823222935920085	0.899555609417468	0.0284190514387918	0.948194733727666	-1.47241907383009	0.88332867903196	0.374258059920246
"258"	1.40696521712319	0.917432063388684	0.679987785098137	1.169713783576	1.48990705647681	1.28328062577316	1.63960183414328	0.70230033964089	2.35373645448916	1.71133401547651
"259"	-0.937976811415462	0.917432063388684	-0.693960136846728	-1.00506919639198	-0.727403787334308	-0.853223836287437	-0.483108218995344	-0.622558858768382	-1.39993515960751	0.895018568665523
"260"	-0.937976811415462	0.917432063388684	-0.00698617587429566	2.25710527355999	-0.174446857519838	-0.269967482887902	-0.930953753857694	-0.825139450080285	1.63076517393992	-0.234957892902666
"261"	2.18861255996941	0.917432063388684	1.36696174607057	1.169713783576	0.881016179971873	1.27161870973751	1.11773243560016	1.42241191349332	-0.813685516466943	-0.664315283304844
"262"	-0.937976811415462	0.917432063388684	0.679987785098137	0.444786123586672	0.305103473894318	0.432648257137744	-0.282537288471797	-2.23999771363027	-0.333936931203557	-1.06358552039295
"263"	1.40696521712319	1.23962546660257	-0.00698617587429566	-0.642605366397318	0.40417843351342	0.702762231687331	0.14025983013262	1.23539224571765	-0.869913369183016	0.519510254578222
"264"	1.40696521712319	1.23962546660257	-2.75488201976402	-1.72999685638131	-1.24344712275051	-2.04120926290093	-0.530300120741421	-0.751522730969192	-0.932673325903534	-0.837210923968977
"265"	-0.156329468569244	1.23962546660257	-0.00698617587429566	-0.280141536402655	-0.21136164082238	-0.168365763856849	-0.0116626604574328	-0.215256542828614	0.501271929856027	1.14221695997911
"266"	-0.156329468569244	1.23962546660257	-0.00698617587429566	0.807249953581335	-0.996887962835289	-0.351394272006671	-0.357691186852139	-1.34055804942413	-0.156495581090353	-0.752523632069739
"267"	-0.156329468569244	1.23962546660257	-0.693960136846728	0.444786123586672	0.781940031448501	0.895158608165605	0.523944131537724	0.451476251735797	1.69593477349423	1.80376775579128
"268"	0.625317874276975	1.23962546660257	0.679987785098137	1.169713783576	-3.09318521618804	-2.10521736290972	-1.42583252062504	0.46055339296331	-0.31774638838153	0.51040264001024
"269"	0.625317874276975	1.23962546660257	0.679987785098137	0.444786123586672	0.0466576490771784	0.0895636741076379	0.999103747061803	-0.133181813187675	0.179534792269507	-1.44655843135906
"270"	-0.156329468569244	1.23962546660257	0.679987785098137	1.169713783576	1.25792708588033	1.43299542638067	0.462688332851765	0.315156197562121	-0.26420844764215	1.13722881818901
"271"	-0.937976811415462	1.23962546660257	0.679987785098137	0.0823222935920085	NA	NA	NA	NA	NA	NA
"272"	-0.156329468569244	1.23962546660257	0.679987785098137	0.444786123586672	-0.66088284103355	-0.320100724258366	-0.0960292366875016	-0.881965147073016	1.3651754881756	0.921158304058661
"273"	2.18861255996941	1.23962546660257	1.36696174607057	-0.280141536402655	-0.105210948454835	-0.853228406659584	0.114237508613439	0.225828439133155	0.839331441325518	-2.25299164289252
"274"	-0.156329468569244	1.23962546660257	-0.00698617587429566	1.169713783576	-0.132527494702118	-0.361583896820088	-0.655717152884626	1.5577680715301	0.840841989495009	0.785921736397546
"275"	-1.71962415426168	1.23962546660257	-0.693960136846728	1.89464144356532	NA	NA	NA	NA	NA	NA
"276"	-0.937976811415462	1.23962546660257	-1.38093409781916	-0.280141536402655	0.821570966419558	1.07398143615164	0.377839637894659	0.121478781639814	0.27429037362706	0.710265539963372
"277"	1.40696521712319	1.23962546660257	2.053935707043	1.169713783576	-0.704614464468414	2.07685310424943	1.94490029890891	-0.17741334255993	1.19354720741931	0.548606840609328
"278"	-0.156329468569244	1.23962546660257	-0.693960136846728	-1.00506919639198	0.0981776267586987	-0.0494663033698921	-0.388236187572369	0.103592599317053	-0.1642237814327	0.727660258328101
"279"	1.40696521712319	1.23962546660257	0.679987785098137	-0.280141536402655	1.19013129044391	0.370869207009658	1.62586444069124	0.894939079204918	0.666787806118378	0.294500297523067
"280"	-0.937976811415462	1.23962546660257	-0.693960136846728	0.444786123586672	1.0906309848115	0.0705710402263661	0.866737665071407	1.79161545180415	0.954450989125156	1.41788199969811
"282"	1.40696521712319	1.23962546660257	-0.00698617587429566	1.53217761357066	NA	NA	NA	NA	NA	NA
"283"	-0.156329468569244	1.23962546660257	-0.00698617587429566	-1.00506919639198	1.73518898944783	2.27957210196936	1.85342294838868	0.0323936141123028	0.800056120183699	0.645436458054341
"284"	0.625317874276975	1.23962546660257	1.36696174607057	1.169713783576	NA	NA	NA	NA	NA	NA
"285"	1.40696521712319	1.23962546660257	-1.38093409781916	1.169713783576	1.09544310586925	0.831303448415933	1.45729403087471	1.0596452604759	0.754527474677576	-0.0260592831924476
"286"	0.625317874276975	1.23962546660257	1.36696174607057	0.444786123586672	-0.275621353240986	-0.698277279316614	-0.00794656707000333	0.268298780588039	-0.125238440340472	0.729706964546946
"287"	1.40696521712319	1.23962546660257	0.679987785098137	-0.642605366397318	0.205603168261906	0.371356555381696	0.24644288436149	0.687709805044313	-0.214769998434321	0.419438028718108
"288"	0.625317874276975	1.23962546660257	0.679987785098137	0.807249953581335	NA	NA	NA	NA	NA	NA
"289"	-0.156329468569244	1.23962546660257	0.679987785098137	1.53217761357066	-0.905739427991253	0.437749925102674	-0.446258011597936	-0.654820226990192	0.151836437812204	0.515104690099658
"290"	1.40696521712319	1.56181886981645	1.36696174607057	-0.642605366397318	0.464898496201397	0.97626470028789	0.445720019341227	-0.733967748850631	-0.709809785381187	-2.33713747471027
"291"	1.40696521712319	1.56181886981645	-2.06790805879159	0.444786123586672	0.584640804236921	1.12021815744892	-0.290616373018562	-0.364702604928486	0.0789369990596693	0.499258544696456
"292"	0.625317874276975	1.56181886981645	0.679987785098137	1.169713783576	-0.806664468372152	-1.53045117152608	-0.340721855140971	-1.83733385532506	0.121696620362639	-1.26399601408526
"293"	0.625317874276975	1.56181886981645	-0.00698617587429566	1.169713783576	1.22707326771096	-0.261368793534598	1.15797630569968	1.04258390027451	0.398842625016229	0.356147583306966
"294"	-1.71962415426168	1.56181886981645	-1.38093409781916	1.169713783576	0.113179784282207	0.00387396419773095	-0.231950705822982	-0.408217979519906	-0.360678208514262	1.3909195398075
"295"	1.40696521712319	1.56181886981645	0.679987785098137	0.807249953581335	0.00306528507499474	-0.703026257680028	1.00217497907859	-1.34180555738654	0.200628804953378	-1.44411378001211
"296"	0.625317874276975	1.56181886981645	-0.693960136846728	-0.280141536402655	-1.58242728883688	-1.97902614371589	-1.85590315616323	-1.06210386676564	0.329978642196968	0.922128600542814
"297"	2.18861255996941	1.56181886981645	2.053935707043	-0.280141536402655	-0.46938449743475	0.415694064539061	0.551258212199453	-1.47392048914231	0.848530602381357	0.109253779533294
"298"	-0.156329468569244	1.56181886981645	0.679987785098137	-0.280141536402655	0.571901069499835	-0.451175580586128	-0.11429032754122	0.217478386922233	1.10165627051606	1.90590602756236
"300"	1.40696521712319	1.56181886981645	1.36696174607057	0.444786123586672	-0.417439173739919	0.610128882299924	0.256301441782491	-0.0449299708584708	-2.53029954782287	-1.36248639420982
"301"	-0.937976811415462	1.56181886981645	-0.00698617587429566	0.807249953581335	-0.291898359900157	-0.614247189654658	-1.09047117386621	-0.00685555909936427	-0.180304366767198	-0.537972242652295
"302"	-0.156329468569244	1.88401227303033	2.053935707043	0.807249953581335	1.69598458939435	1.53410194709516	1.79217122250524	1.17387418545874	0.185273029084219	-1.35557030431699
"303"	0.625317874276975	1.88401227303033	-1.38093409781916	0.807249953581335	0.970184000300346	1.4915765910559	0.757806827711703	1.08523478184426	-1.83517721525699	-1.08153317915215
"304"	-0.937976811415462	1.88401227303033	-0.693960136846728	-0.642605366397318	NA	NA	NA	NA	NA	NA
"305"	1.40696521712319	1.88401227303033	-0.693960136846728	-0.280141536402655	1.13946200478901	0.326641108600498	0.791746509334672	-0.0279672804600581	1.41418287649079	1.39828317598455
"306"	0.625317874276975	1.88401227303033	0.679987785098137	0.807249953581335	-0.827329438980032	-0.574624270094095	-2.63749228935314	0.744513960374541	-1.62146903490974	-1.70213483611175
"307"	1.40696521712319	2.20620567624422	-0.00698617587429566	0.444786123586672	0.851293573195716	0.981357227508525	0.439093400179357	1.08523478184426	0.79508177029519	1.69135397457361
"308"	1.40696521712319	2.20620567624422	0.679987785098137	1.53217761357066	0.245234103232963	-0.00172290208376945	-0.816848762721016	-1.70911636903025	0.166851049938956	-0.116426289057504
"309"	-0.156329468569244	2.20620567624422	-0.693960136846728	0.807249953581335	0.0937896628099899	-0.55412407281318	-0.00131994790813381	0.182727247305839	-0.0624715591170704	-0.365843727978223
